a: 1.010000000000000
b: 1.000000000000000
c: 1.000450000000000
d: -0.000050000000000